object_id,ein,Dsc,BkVlAmt
201703179349307400,111635088,INSURANCE CLAIMS RECEIVABLE,51068506
201703179349307400,111635088,OTHER RECEIVABLES - CURRENT,1349598
201703179349307400,111635088,457B FUNDS,60303
201733179349306133,226019101,OTHER ASSETS,7850629
201733179349306133,226019101,BENEFICIAL INT IN NET ASSETS,6924088
201733179349306133,226019101,NOTE REC. HARTWYCK AT OAK TREE,2685913
201733179349306133,226019101,DUE FROM JFK FOUNDATION,537348
201733179349306133,226019101,DUE FROM ATLANTIC INSURANCE EX,883112
201733179349306133,226019101,DUE FROM RWJ JR LIFESTYLE INST,28555
201733179349306133,226019101,DUE FROM MUHLENBERG FOUNDATION,688680
201733179349306133,226019101,NOTE REC FROM JFK HEALTHSHARE,51984
201733179349306133,226019101,DUE FROM HARTWYCK WEST NURSING,504169
201703189349300745,390830664,Due from Affiliates,239373900
201703189349313625,952158727,CHARITABLE REMAINDER TRUSTS,186631
201703189349313625,952158727,PERPETUAL INCOME INTEREST,3492901
201703189349313625,952158727,ASSETS HELD IN CRT,7487401
201743199349303834,111661359,EQUITY INTEREST IN THE CENTRAL SUFFOLK HOSPITAL FOUNDATION/ DBA PECONIC BAY,5919663
201743199349303834,111661359,ESTIMATED DUE FROM THIRD PARTY PAYORS,2363233
201723199349302842,250965270,OTHER RECEIVABLES,1902109
201723199349302842,250965270,DUE FROM RELATED PARTIES,1245034
201723199349302842,250965270,OTHER ASSETS,978764
201723199349302842,250965270,ASSETS LIMITED AS TO USE,8559807
201723199349302842,250965270,DUE FROM THIRD-PARTY PAYORS,427161
201723199349309022,560554230,DUE FROM AFFILIATES,972556834
201723199349309022,560554230,INCOME TAX RECEIVABLE,2780
201703179349301545,810231774,OTHER ASSETS,130684
201703179349301545,810231774,COLLECTIONS,235082
201703179349301545,810231774,CONSTRUCTION IN PROGRESS,11177953
201703149349302985,150533577,DUE TO/FROM AFFILIATES,14836507
201703149349302985,150533577,OTHER RECEIVABLES,3809180
201703149349302985,150533577,AWUIL,2275234
201743189349312639,231352008,Life insurance cash values,3199275
201743179349306289,230973290,ASSETS HELD IN TRUST BY AFFILIATE,15013507
201743179349306289,230973290,CONTRIBUTION RECEIVABLE,3827472
201713199349303036,131740127,Other Receivables,4255671
201713199349303036,131740127,Board Designated Fund,2595217
201713199349303036,131740127,Medical Malpractice Fund,2009079
201713199349303036,131740127,Other Limited Use Assets,156056
201713199349303036,131740127,Debt Service Reserve Fund,1828888
201713199349303036,131740127,Letter of Credit/workers compensation insurance,48983
201713199349303036,131740127,DUE FROM AFFILIATES,5480185
201713199349300126,550753754,"Interest in Net Assets-CAMC Foundation, Inc.",3898805
201713199349300126,550753754,"Affiliate Receivable CAMC, Inc.",1494917
201733149349303183,131624135,INSURANCE CLAIMS RECEIVABLE,73149768
201733149349303183,131624135,"INT IN HSS FUND, INC.-FASB 136",45711243
201733149349303183,131624135,DUE FROM AFFILIATES -MRKT SEC.,20213412
201733149349303183,131624135,457B DEFERRED COMP PLAN ASSETS,8998798
201733149349303183,131624135,DUE FROM AFFILIATES - NET,3078109
201733149349303183,131624135,INT - HSS WESTSIDE ASC LLC,2756575
201733149349303183,131624135,INT - HSS ASC OF MANHATTAN LLC,647603
201733149349303183,131624135,INVESTMENT IN SUTTON HOUSE,820000
201733149349303183,131624135,INVESTMENT IN IMAGEN,300000
201733149349303183,131624135,"GPA HOLDINGS, LLC",55231
201743149349301614,135564934,SECURITY DEPOSIT RECEIVABLE,356259
201743149349301614,135564934,MISCELLANEOUS RECEIVABLE,1933318
201743149349301614,135564934,REINSURANCE RECEIVABLES,452390000
201743149349301614,135564934,OTHER ASSETS,39783776
201703179349303905,541547408,DUE FROM AFFILIATES,8151864
201703179349303905,541547408,INVESTMENT IN AFFILIATES,87191652
201703179349303905,541547408,SUSPENSE ACCOUNT,-1120
201713199349300531,131740115,DUE FROM AFFILIATES,20098093
201733189349309863,111633486,INSURANCE RECOVERIES REC.,67798588
201733189349309863,111633486,INVESTMENT IN HEALTHTRAX,231993
201733189349309863,111633486,INVESTMENT IN RRG,2843031
201733189349309863,111633486,INVESTMENT IN PHYS PRACTICES,27217545
201733189349309863,111633486,INVEST. IN WINTHROP CLINICAL,4078898
201733189349309863,111633486,OTHER RECEIVABLES,13085922
201733189349309863,111633486,INVESTMENT IN PHO,-394625
201733189349309863,111633486,INVESTMENT IN GNYHA,125845
201703189349308985,160743134,DUE FROM AFFILIATES,90689728
201703189349308985,160743134,BENEFICIAL INT IN RGHF ASSETS,58530779
201703189349308985,160743134,OTHER ASSETS,461642
201703189349308985,160743134,ESTIMATED THIRD PARTY REC,5182791
201703189349308985,160743134,SELF-INSURANCE ASSET,79213197
201733149349301638,470394397,Beneficial interest in trusts held by others,2596000
201703189349308925,480543728,LOANS RECEIVABLE FROM STUDENTS,937208
201703189349308925,480543728,RESTRICTED CASH FOR PROPERTY & EQUIP,808008
201703189349308925,480543728,RESTRICTED CASH FOR BOND RESERVE,562090
201703189349308925,480543728,BOND ISSUANCE COSTS,47660
201743189349302884,112868878,OTHER RECEIVABLES,2924590
201743189349302884,112868878,DEPOSITS,123225
201743189349302884,112868878,INSURANCE RECEIVABLE,73167421
201743189349302884,112868878,INVESTMENT IN HEALTHFIRST,11654798
201743189349302884,112868878,INVESTMENT IN VERIZON,10143
201713149349301601,136171197,OTHER ASSETS,4163399
201713149349301601,136171197,DUE FROM MRO,40703990
201713149349301601,136171197,INSURANCE CLAIMS,164813200
201703179349301205,560767736,BENEFICIAL INTEREST IN CHARITABLE RE,5630113
201703179349301205,560767736,CASH/EQUIVALENTS RESTRICTED TO INVES,4581570
201703179349301205,560767736,CONSTRUCTION IN PROGRESS,2571646
201703179349301205,560767736,LAND HELD FOR RESALE,295514
201703179349301205,560767736,OTHER ASSETS,33083
201743199349316699,221487307,ASSETS HELD BY RELATED ORGANIZATION,35963513
201743199349316699,221487307,DEFERRED FINANCING COSTS AND OTHER ASSETS,120394863
201743199349316699,221487307,PENSION BENEFIT,2988405
201723199349310852,710236856,INVESTMENT UNCONSOL SUBS,2255354
201723199349310852,710236856,OTHER ASSETS,4310851
201723199349310852,710236856,ADVANCE TO AFFILIATES,201737260
201723199349310852,710236856,INVESTMENT IN AFFILIATES,926520
201723199349310852,710236856,INTERNALLY DESIGNATED FUNDS,5360507
201723199349310852,710236856,INDENTURED FUNDS,58020177
201723199349310852,710236856,CAPITAL IMPROVEMENT INVESTMENT,332329779
201723199349310852,710236856,INTEREST IN AFFILIATE,1528530
201723329349300802,560530251,"LOANS TO STUDENTS, NET",2847023
201723329349300802,560530251,BENEFICIAL INTERESTS IN TRUSTS,4174140
201723329349300802,560530251,CASH SURRENDER VALUE OF LIFE INSURANCE,675949
201743199349318069,112626155,OTHER LONG TERM ASSET,7482076
201743199349318069,112626155,OTHER RECEIVABLES,2971513
201743199349318069,112626155,HEALTHFIRST RETAINED PAYMENTS,15742796
201743199349318069,112626155,SECURITY DEPOSITS,412785
201713189349305446,416011702,DUE FROM AFFILIATES,638345745
201713189349305446,416011702,INVESTMENTS IN SUBSIDIARIES,588459980
201713189349305446,416011702,CONTRIBUTED ASSETS PENDING DISPOSAL,103034136
201713189349305446,416011702,ART,3167394
201713189349305446,416011702,TRUSTS,76889575
201713189349305446,416011702,DEFERRED INCOME TAX ASSET,43056848
201743199349302999,160743102,ASSETS HELD BY OTHERS,36027302
201743199349302999,160743102,OTHER ASSETS,3114636
201723329349300637,750808791,COLLECTIONS,1247852
201723329349300637,750808791,CONSTRUCTION IN PROGRESS,2732064
201733419349300308,231352691,CASH VALUE OF LIFE INSURANCE,39671
201733419349300308,231352691,RESTRICTED LONG-TERM INVESTMENTS AND CASH,2346796
201733419349300308,231352691,CHARITABLE REMAINDER TRUST FUNDS,145522
201733419349300308,231352691,PROPERTY HELD FOR RESALE,158544
201733419349300308,231352691,RESTRICTED CASH FOR EDUCATIONAL PROGRAMS,1769950
201733419349300308,231352691,ASSETS RESTRICTED TO FUND ANNUITY OBLIGATIONS,683319
201733419349300308,231352691,Beneficial interest in perpetual trusts,6175144
201743189349301804,112673595,INTEREST IN NWH FOUNDATION,60965020
201743189349301804,112673595,INSURANCE CLAIMS RECEIVABLE,395855
201743189349301804,112673595,OTHER,32060
201733329349300203,542052107,DUE FROM RELATED PARTIES,13285902
201723199349317612,364195126,DUE FROM AFFILIATES,67661582
201723199349317612,364195126,THIRD PARTY RECEIVABLES,9428056
201723199349317612,364195126,MANUAL RECEIVABLES,6331158
201723199349317612,364195126,INCENTIVE RECEIVABLES,2205735
201723199349317612,364195126,DEFERRED COMPENSATION ASSET,263100
201723199349317612,364195126,LONG TERM RECEIVABLES,117121
201723199349317612,364195126,PHYSICIAN LOAN RECEIVABLE LT,45928
201733179349302873,840166760,PERPETUAL TRUST ASSETS-TAMMEN,39760313
201733179349302873,840166760,SELF INSURANCE TRUST REC.,38826000
201733179349302873,840166760,Other Misc Receivable,6866074
201733179349302873,840166760,Intercompany Receivable,1459276
201733179349302873,840166760,Receivable From Foundation,13072565
201733179349302873,840166760,RECEIVABLE FROM SYSTEM,27058919
201733179349302873,840166760,Pension Plan Assets,6704398
201713189349304606,131740126,DUE FROM THIRD PARTY PAYORS,10051078
201713189349304606,131740126,OTHER NON-CURRENT ASSETS,4252582
201713189349304606,131740126,OTHER RECEIVABLES,3150649
201713189349304606,131740126,PROFESSIONAL INSURANCE - RCVBL,5058634
201713199349314361,112705352,SECURITY DEPOSIT S AND PROGRAM DEVELOPMENT,505052
201713199349314361,112705352,LIBRARY COLLECTION AND FINE ARTS,11386548
201713199349314361,112705352,INTANGIBLE ASSETS,33405825
201713199349314361,112705352,NEW SITE COSTS,64296
201713199349314361,112705352,NEW PRODUCT DEVELOPMENT,666999
201713199349314361,112705352,RENT CREDIT RECEIVABLE,87726
201723149349303207,472237488,Other Receivables,1764395
201723149349303207,472237488,Deposits,1817960
201733469349300323,316064854,BENEFICIAL INTEREST IN TRUSTS,189048
201723179349303037,141338428,INTEREST IN NET ASSETS OF FOUNDATION,16230229
201723179349303037,141338428,MISCELLANEOUS RECEIVABLES,2776022
201723179349303037,141338428,IHANY,912279
201723179349303037,141338428,DUE FROM VNS,3470575
201723179349303037,141338428,THIRD PARTY REIMBURSEMENT,286834
201723179349303777,150532245,GRANT AND TUITION RECEIVABLES,2122661
201723179349303777,150532245,ASSETS WHOSE USE IS LIMITED- BOND FUNDS,3917771
201723179349303777,150532245,INTEREST IN NET ASSETS OF SEMC FOUNDATION,4389982
201723179349303777,150532245,INVESTMENTS RESTRICTED BY DONORS,816347
201713199349307426,581581103,457(B) DEFERRED COMP ASSET,830679
201713199349307426,581581103,AMOUNTS DUE FROM AFFILIATES,36106117
201713199349307426,581581103,BOND START UP COST,1669666
201713199349307426,581581103,CVS LIFE INSURANCE,624693
201713199349307426,581581103,LEASEHOLD RIGHTS,388180
201713199349307426,581581103,PHOENIX HEALTH CARE MGMT SVCS,84169
201713199349307426,581581103,PHYSICAN GUARANTEE ASSET,935488
201713199349307426,581581103,PHYSICIANS LIFE INSURACE COLI,5305403
201713199349307426,581581103,SOFTWARE LICENSE,1192474
201713199349307426,581581103,VHA STOCK INVESTMENT,138416
201713199349307426,581581103,WORK FORCE IN PLACE,1102165
201713199349307426,581581103,WC ESCROW - SANFORD,73956
201713199349307426,581581103,PL GI ESCROW - SANFORD,442950
201713199349317036,111631796,ACCRUED INTEREST & OTHER REC.,2518119
201713199349317036,111631796,INS. RCVY A/R WORKER COMP.,592973
201713199349317036,111631796,DEPOSITS ON EQUIPMENT,3222108
201713199349317036,111631796,DUE FROM RELATED PROF. CORPS.,127689107
201713199349317036,111631796,INVESTMENT HELD BY CAPTIVE INS,219759799
201713199349317036,111631796,PARTNERSHIP JOINT VENTURE INV.,1198574
201713199349317036,111631796,OTHER ASSETS,507390
201703129349303405,750957351,Real estate/other,431350
201743199349313359,640303094,Funds Held in Trusts by Others,101652
201743199349301474,210634484,ORGANIZATIONS,74381301
201743199349301474,210634484,DEFERRED FINANCING COSTS,28704
201743199349301474,210634484,RECEIVABLE,13827342
201743199349301474,210634484,OTHER RECEIVABLES,1617928
201743199349301474,210634484,OTHER ASSETS,2967128
201703129349301355,222325405,BENEFICIAL INTEREST IN ASSETS OF FOUNDATION,5763570
201703129349301355,222325405,INSURANCE RECEIVABLE,2017232
201703129349301355,222325405,EQUITY IN RELATED PARTIES,4315300
201703129349301355,222325405,OTHER ASSETS,1823986
201743199349304204,953797687,GEM COLLECTIONS,31896176
201743199349304204,953797687,INVESTMENTS IN SUBSIDIARIES,26860056
201743199349304204,953797687,OTHER ASSETS,715250
201703319349300770,581126894,SECURITY DEPOSIT,103147
201743429349300309,386080947,LONG-TERM RECEIVABLE-CELL TOWER,200000
201733459349301168,910654200,COPIERS HELD FOR SALE,54600
201733459349301168,910654200,ASSETS HELD FOR SALE,350038
201810239349300321,750959996,ENDOWMENT ASSETS,1296363
201810309349300611,951916051,Trust and Annuity Assets,1975938
201810309349300611,951916051,Interest Receivable,16285
201810309349300611,951916051,Other Receivable,115692
201840389349301209,132619665,DUE FROM AFFILIATE,15503
201840389349301209,132619665,SECURITY DEPOSIT
201820299349300247,271906132,Property and Equipment,914580
201820299349300247,271906132,Security Deposit,270000
201810389349300041,390806202,Beneficial Interest in private Foundation,13945000
201810389349300041,390806202,Investment in Joint Venture,89154
201830369349300208,660277396,BENEFICIAL INTEREST IN PERPETUAL TRUST,3220595
201830369349300208,660277396,OTHER ASSETS,59443
201713129349301526,340714585,OTHER ASSETS,196709447
201713129349301526,340714585,PERPETUAL & BENEFICIAL TRUSTS,35930719
201713129349301526,340714585,INVESTMENT IN AFFILIATES,165843427
201713129349301526,340714585,DUE FROM AFFILIATES,456392888
201800259349300735,042108346,WALLACE FARM SECURITY DEPOSIT,10000
201800259349300735,042108346,OTHER ASSETS,14748
201800259349300735,042108346,ASSETS UNDER CAPITAL LEASING ARRANGEMENTS,1942534
201800259349300735,042108346,ICE RINK SECURITY DEPOSIT,300000
201733499349301258,550357056,INTEREST IN PERPETUAL TRUSTS,10797811
201733499349301258,550357056,DEPOSIT HELD BY TRUSTEE,6024328
201703569349300100,630771624,CASH - DEFERRED COMPENSATION,282607
201703569349300100,630771624,CASH - SCHOLARSHIP FUND,192694
201731709349300858,760057699,Endowment,213627
201713139349303411,640876425,DEPOSITS,17369
201713499349300836,390988997,Assets held under split-interest agreements,1339561
201743549349300414,750827421,Perpetual trusts held by others,511721
201810379349301191,730579264,Trusts administered by Southern Bapt Fdn,191675
201810379349301191,730579264,Trusts administered by Presbyterian Fdn,14453
201810379349301191,730579264,Zoll Trust,990377
201810379349301191,730579264,Toland Trust,1815651
201810379349301191,730579264,Trusts administered by OK City Comm Found,749226
201810379349301191,730579264,Funds held in trust-Baptist Found of OK,115184059
201701739349301200,952988463,Related Party Receivables,4486749
201723569349300417,480548361,PREPAID LONG-TERM LEASE,994676
201723569349300417,480548361,INSURANCE DEPOSITS,679812
201723569349300417,480548361,TRUSTS & LIFE INCOME PLANS,212595
201723569349300417,480548361,BENEFICIAL INTEREST IN ASSETS HELD BY OTHERS,212456
201713109349301871,043250289,CSV LIFE INSURANCE,142475
201713109349301871,043250289,SECURITY DEPOSITS,2218
201820369349300712,480547702,CASH VALUE OF LIFE INSURANCE,232993
201820369349300712,480547702,ART,328800
201820369349300712,480547702,OTHER ASSETS,81194
201820369349300712,480547702,INTEREST IN PERPETUAL TRUST,6038624
201820369349300712,480547702,MINERAL INTERESTS,243203
201820399349301307,410696906,Funds held by third-party trustee,11107468
201820399349301307,410696906,Cash value of life insurance,744518
201820399349301307,410696906,Funds on deposit with bond trustee,138677
201820399349301307,410696906,Bond issuance costs,332909
201820519349300527,060647016,BENEFICIAL INTEREST IN PERPETUAL TRUSTS,4053963
201820519349300527,060647016,SPLIT-INTEREST AGREEMENTS,58892
201820859349300012,420680335,ASSETS HELD IN TRUST,4704430
201820859349300012,420680335,UNITRUSTS,1793001
201820859349300012,420680335,CONTRACTS AND MISC,10342
201820859349300012,420680335,CSV LIFE INSURANCE,3794680
201810549349300436,440589787,ASSETS HELD IN TRUST,8323903
201810549349300436,440589787,OTHER RECEIVABLES,40899
201810549349300436,440589787,EST AMOUNT DUE FROM 3RD PARTY,80561
201810549349300436,440589787,CSV OF LIFE INSURANCE PROCEEDS,267984
201810729349300216,314379584,REMAINDER INTEREST IN LIFE INCOME TRUST,991849
201810729349300216,314379584,BENEFICIAL INTEREST IN PERPETUAL TRUST,16360884
201810729349300216,314379584,PREPAID BOND COSTS
201810549349300036,231365953,ASSETS HELD IN CHARITABLE REMAINDER,4850000
201810549349300036,231365953,BENEFICIAL INTEREST IN REMAINDER TRUST,5456335
201830669349301353,620570060,Art Collection,25605
201830669349301353,620570060,Cash Value of Life Insurance,16284
201830669349301353,620570060,Deposits,26000
201830669349301353,620570060,Loan Escrow Deposits,1162758
201830669349301353,620570060,loan Financing Cost,1884584
201830669349301353,620570060,Real Estate,318592
201830669349301353,620570060,Restricted Deposits & Funded Reserves,2780611
201830669349301353,620570060,Rounding,1
201820669349300807,910473310,Beneficial Interest in assets held by others,20029825
201820669349300807,910473310,Deposits held by trustee,5278894
201830749349300728,440556862,BENEFICIAL INTEREST IN TRUSTS,158189034
201830749349300728,440556862,LIFE INSURANCE,170629
201820689349300622,430652667,Other,219293
201820689349300622,430652667,Beneficial interests in trusts held by others,24750871
201820689349300622,430652667,Perpetual trusts held by third party trustees,9164768
201820689349300622,430652667,Equity interest in foreign support foundation,40684912
201800679349301100,240795441,BENEFICIAL INTEREST IN PERPETUAL TRUSTS,2012067
201840689349301029,611124267,Beneficial Interest in Foundation Assets,35202599
201840689349301029,611124267,Accounts Receivable- Foundation LOC
201840689349301029,611124267,Interest Receivable
201840689349301029,611124267,Other Assets,9399
201800869349300500,580566143,Works of art,8574901
201800869349300500,580566143,Other assets,423271
201840119349300829,930461940,RESTRICTED CASH- CONSTRUCTION,1536814
201840589349300829,221487307,ASSETS HELD BY RELATED ORGANIZATION,35963513
201840589349300829,221487307,deferred financing costs and OTHER ASSETS,120394863
201840589349300829,221487307,pension benefit,2988405
201800279349300315,610470593,ASSETS HELD IN TRUST BY OTHERS,13788428
201800279349300315,610470593,OTHER ASSETS,187818
201800279349300315,610470593,ASSETS LIMITED AS TO USE,1737446
201800279349300315,610470593,REAL ESTATE,24288101
201820859349300777,640303086,REAL ESTATE - LAND,16951659
201820859349300777,640303086,REAL ESTATE - TIMBER,3849897
201820859349300777,640303086,COLLECTIONS,1475441
201820859349300777,640303086,HEALTH INSURANCE CLAIMS ACCOUNT,792083
201820859349300777,640303086,DEPOSITS WITH BOND TRUSTEES,228406
201820859349300777,640303086,OTHER,252761
201820579349301152,231352668,UNEXPENDED BOND PROCEEDS,65242980
201800999349300000,920158414,DEFERRRED OUTFLOWS (GASB 68),3070478
201820659349300437,231352641,FUNDS HELD IN TRUST BY OTHERS,38560620
201820659349300437,231352641,DEBT AGREEMENT DEPOSITS,18359748
201840959349300134,520591608,INTEREST HELD IN TRUST BY OTHERS,9533231
201840959349300134,520591608,CASH AND SHORT TERM INVESTMENTS,1210249
201830969349300603,650807808,LIBRARY COLLECTION,288370
201840949349300824,231930438,SECURITY DEPOSITS,132526
201840949349300824,231930438,BENEFICIAL INTEREST IN ASSETS HELD BY COMMUNITY FOUNDATION,73500
201840949349300824,231930438,DUE FROM AFFILIATE,396748
201810959349300141,860561847,DUE FROM SLWIC,1703381
201810959349300141,860561847,RESTRICTED CASH,156260
201810959349300141,860561847,DEPOSITS,14645
201811019349301311,941156628,Investments,174744531
201801009349300225,560529953,FUNDS HELD IN TRUST BY OTHERS,2406069
201801009349300225,560529953,REAL ESTATE HELD FOR SALE,1259716
201801009349300225,560529953,INSURANCE PROCEEDS RECEIVABLE,605518
201820679349300207,541911091,Charitable Remainder Unitrust,485111
201820759349300127,952556403,Deposits,15060
201840249349301409,381393841,Artwork,1745863
201840249349301409,381393841,Art held for resale,323150
201840249349301409,381393841,charitable remainder unitrust interest,312701
201840549349300109,231352652,BOND ISSUANCE COSTS,530924
201840549349300109,231352652,CASH SURRENDER VALUE OF LIFE INSURANCE,3924644
201840549349300109,231352652,FUNDS HELD IN TRUSTS BY OTHERS,3825342
201840549349300109,231352652,COLLECTIONS,1641732
201840549349300109,231352652,bond project fund,3839656
201800599349301500,350868096,INSURANCE,193160
201800599349301500,350868096,PERPETUAL TRUSTS,10488537
201800599349301500,350868096,REMAINDER TRUST,1203047
201800599349301500,350868096,BOND ISSUE COST,0
201800899349300545,900394713,Due from Affiliates,43376611
201800899349300545,900394713,Deposits,214784
201800609349300110,231352692,ASSETS HELD IN TRUST UNDER SPLIT INTEREST AGREEMENTS,11126195
201820949349300602,760690847,Prepaid Expenses,92828
201820949349300602,760690847,Security Deposit,15642
201840589349300024,204984268,SCHOLARSHIP AWARDS DEPOSITS,66524
201840589349300024,204984268,SECURITY DEPOSIT,650
201840999349300679,250965376,CASH SURRENDER VALUE OF LIFE INSURANCE,474939
201840999349300679,250965376,PERPETUAL TRUSTS HELD BY THIRD PARTIES,3731087
201840999349300679,250965376,OTHER ASSETS,594883
201830889349300603,341695897,Goodwill,2557008
201830889349300603,341695897,Bond Issuance Costs
201800719349300735,370661211,ACCRUED INTEREST RECEIVABLE,112820
201800719349300735,370661211,BENEFICIAL INTEREST NONPERPETUAL TRUST,544705
201800719349300735,370661211,DEFERRED UNDERWRITING CHARGES,204509
201800719349300735,370661211,REAL ESTATE,18031091
201800719349300735,370661211,OTHER ASSETS,47810
201820449349300017,952594166,Construction in Progress,1507595
201820449349300017,952594166,Other Receivables,165671
201800649349300790,610447250,INTEREST IN PERPETUAL TRUST,682692
201840659349300859,440483220,INTEREST IN WENTWORTH FOUNDATION,607000
201820819349301002,161554414,Contribution Receivable from Split-Interest Agreements,390659
201820879349300902,911122839,INVENTORY,148342
201820879349300902,911122839,OTHER CURRENT ASSETS,6100
201840979349300004,630288841,INTERESTS IN PERPETUAL TRUSTS,25694807
201840979349300004,630288841,STUDENT LOANS RECEIVABLE,870529
201810559349300511,610466713,FUNDS HELD IN TRUST BY OTHERS,4204838
201810559349300511,610466713,CASH SURRENDER VALUE OF LIFE INS.,512333
201810559349300511,610466713,BEQUEST RECEIVABLE,1357625
201810689349301181,470376524,ASSETS HELD BY BOND TRUSTEE,1631511
201810689349301181,470376524,BENEF INTEREST IN PERPETUAL TRUSTS,4419195
201810689349301181,470376524,CHARITABLE REMAINDER TRUSTS HELD BY OTHERS,2185275
201810689349301181,470376524,CHARITABLE REMAINDER TRUSTS,151159
201810689349301181,470376524,DEBT ACQUISITION COSTS (UNAMORTIZED COST),168029
201830819349300548,135562314,FUNDS HELD BY BOND TRUSTEES,1738101
201830819349300548,135562314,INVEST DESIGN FOR CONSTRUCTION,66622980
201820389349300932,720467515,ACCRUED INTEREST RECEIVABLE,45723
201820389349300932,720467515,FUNDS HELD BY TRUSTEE,25413289
201820389349300932,720467515,DEPOSITS - CATERING CONTRACT,92011
201820389349300932,720467515,DEBT SERVICE FUND - TIME DEPOSITS,22
201810559349300416,660380485,PRBC FOUNDATION USA,99590
201703129349301625,362167792,Investments in land and buildings,407601
201703129349301625,362167792,Investments other,2583050
201703129349301625,362167792,Other,433487
201703129349301625,362167792,Trust Holdings,155160993
201800539349300510,420686467,ACCRUED INTEREST RECEIVABLE,627430
201800539349300510,420686467,ARTWORK,14660483
201800539349300510,420686467,CASH VALUE OF LIFE INSURANCE,1022324
201800539349300510,420686467,"REAL EST, LAND & MNRL RIGHTS",1675002
201800539349300510,420686467,TRUST AGREEMENTS,10401502
201800539349300510,420686467,ACCRUED GAIN ON INTEREST RATE SWAPS,122263
201830459349301463,251900793,BOND DEPOSIT RESERVE,7967947
201830459349301463,251900793,OTHER NON-CURRENT ASSETS,5260
201840319349301149,231352698,FUNDS HELD IN TRUST BY OTHERS,8283610
201840319349301149,231352698,BENEFICIAL INTEREST IN FND,21497951
201840399349300024,250979377,RECEIVABLE - HELD IN ESCROW,2008459
201840399349300024,250979377,WORKERS COMP REV TRUST,753237
201830369349300638,480554341,ASSETS HELD IN CHARITABLE REMAINDER UNITRUST,89730
201830369349300638,480554341,CASH TEMPORARILY RESTRICTED,1433696
201830369349300638,480554341,UNCONDITIONAL PROMISES TO GIVE,687817
201830369349300638,480554341,GRADUATE STUDENT LOANS RECEIVABLE,13847
201830369349300638,480554341,BENEFICIAL INTEREST IN ASSETS HELD BY OTHERS,107453
201830369349300638,480554341,BENEFICIAL INTEREST IN ASSETS HELD IN TRUST,3143399
201811229349301801,221815636,Pension Related,11527973
201841229349300404,251191961,INVESTMENT IN SUBSIDIARY,1075000
201841229349300404,251191961,CASH SURRENDER LIFE INSURANCE,663239
201801319349302850,141338580,ACCRUED INVESTMENT INCOME,111569
201801319349302850,141338580,DEPOSITS WITH TRUSTEES,51481276
201801319349302850,141338580,DUE FROM BROKER,2590853
201801319349302850,141338580,BENEF. INT. IRREVOCABLE TRUSTS,5776478
201801319349302850,141338580,DEPOSITS WITH BOND TRUSTEES,1566265
201801319349302835,223431049,MISCELLANEOUS RECEIVABLES,8655657
201801319349302835,223431049,INTERCOMPANY OTHER LONG-TERM ASSETS,5034333
201801319349302835,223431049,INTERCOMPANY ACCOUNTS RECEIVABLE,116368
201841069349300719,560554207,OTHER ASSETS,79269
201841069349300719,560554207,Beneficial Interests in Trusts,12379539
201841069349300719,560554207,Assets Held in Charitable Remainder Trusts,1246797
201821349349301912,251775321,GOODWILL,500000
201821349349301912,251775321,SECURITY DEPOSITS,118022
201821349349301912,251775321,CASH SURRENDER VALUE OF LIFE INSURAN,99024
201821349349301912,251775321,DEFERRED INTEREST,18032
201801229349300225,230465970,RESTRICTED CASH,17490000
201801229349300225,230465970,THIRD-PARTY TRUSTS,9235579
201801229349300225,230465970,OTHER RECEIVABLES,4487574
201831069349300623,420680332,BENEFICIAL INTEREST IN PERPETUAL TRU,6365186
201831069349300623,420680332,SAVINGS ACCTS & CDS,2711798
201831069349300623,420680332,DEBT SERVICE RESERVE FUND,1246282
201831069349300623,420680332,COLLECTIONS,704794
201831069349300623,420680332,MINERAL RIGHTS,310000
201831069349300623,420680332,CASH SURRENDER VALUE OF LIFE INS,267626
201831069349300623,420680332,REFUNDABLE GOVT LOAN PROGRAM,50689
201801319349303570,381624684,Prepaid Deposits,207187
201841179349301019,231178880,INTEREST IN PERPETUAL TRUST,6857978
201841179349301019,231178880,INTEREST IN CHARITABLE REMAINDER TRUSTS,1419104
201801069349300430,720408915,FUNDS HELD IN TRUST BY OTHERS,28978357
201801069349300430,720408915,OTHER ASSETS,412490
201841219349300424,650683159,Cash value of Life Insurance,236328
201841219349300424,650683159,Other assests,6500
201821149349300752,581845423,UNBILLED PROJECT COSTS,14079105
201821149349300752,581845423,Deferred Loss on Debt Refunding,2623235
201821149349300752,581845423,Deferred Loss on Lease,6151223
201811209349300716,221500645,DEPOSITS W/TRUSTEE,61038000
201811209349300716,221500645,DUE FROM AFFILIATES,5631000
201811209349300716,221500645,EQUITY METHOD INVESTMENTS,606000
201801299349301840,010212542,beneficial interest in trusts,1270190
201801299349301840,010212542,cash surrender value,92001
201801299349301840,010212542,other assets,2460708
201811039349300146,430662529,INTERFUND RECEIVABLE,28190413
201811039349300146,430662529,GIFTS HELD IN TRUST,348956
201821219349300217,480543734,BEQUESTS RECEIVABLE,3777459
201821219349300217,480543734,DEPOSITS WITH TRUSTEE,891616
201821219349300217,480543734,BOND ISSUANCE COSTS,195993
201821219349300217,480543734,RESTRICTED CASH,150020
201821219349300217,480543734,ASSETS HELD FOR SALE,82370
201821219349300217,480543734,BENEFICIAL INTEREST IN UNITRUST,72673
201821219349300217,480543734,OTHER INVESTMENTS,46441
201841039349300144,560547498,ASSETS HELD UNDER SPLIT-INTEREST AGREEMENT,89224
201841039349300144,560547498,FUNDS HELD IN TRUST,2088292
201801319349303895,344428207,REAL ESTATE,1536792
201801319349303895,344428207,CASH VALUE OF LIFE INSURANCE,455723
201801319349303895,344428207,BENEFICIAL INTEREST IN TRUSTS,5104320
201831049349300628,730555460,ASSETS RESTRICTED FOR LONG TERM PURPOSE,4827211
201831049349300628,730555460,FUNDS HELD BY OTHERS,1290712
201831049349300628,730555460,INVESTMENT IN AFFILIATES,9493349
201831049349300628,730555460,LONG TERM INVESTMENTS,14015610
201811049349300631,620481463,OTHER,2204594
201840999349300234,381358000,BENEFICIAL INTERESTS IN PERPETUAL TR,7104238
201840999349300234,381358000,STUDENT LOAN INTEREST RECEIVABLE,24025
201801069349301170,930741999,DEPOSITS,11355
201841009349300324,010211810,Cash and equivalents held by bond trustee,36443182
201841009349300324,010211810,Cash surrender value of life insurance,169949
201841019349300114,231352688,OTHER ASSETS,102434339
201820469349300502,750950119,Annuity Funds,887721
201820469349300502,750950119,Endowment Funds,18450407
201820469349300502,750950119,Life Income Funds,1201263
201820469349300502,750950119,Restricted Funds Long Term Purposes,3015579
201820469349300502,750950119,Unamortized Loan Costs,1775950
201801079349301250,362181973,DUE FROM RELATED ORGANIZATION,15618835
201841039349301209,570314408,Trust Fund Assets,5099417
201841039349301209,570314408,Contributions Receivable from Trusts,1625122
201841039349301209,570314408,Other Assets,597256
201841039349301209,570314408,Collections,3516778
201801049349300210,231526668,DEPOSITS WITH BOND TRUSTEE,25984630
201801049349300210,231526668,SPECIAL PROJECTS,6050
201801049349300210,231526668,BOOKSTORE PREPAID CARDS,6600
201801049349300210,231526668,CASH ESCROW DEPOSIT,438989
201801049349300210,231526668,LINCOLN STD PLAN PREFUND,5339
201801069349300840,150543962,ASSET HELD BY AFFILIATE FOR LIFE INCOME TRUSTS,1148379
201801069349300840,150543962,INVESTMENT PROPERTY,31600
201841359349303504,264232788,DEPOSITS,170239
201841359349303504,264232788,SECURITY COURSES,1135000
201841079349300309,910916534,"Bond issuance costs, net",154769
201841079349300309,910916534,Right of use asset - operating,6681885
201841079349300309,910916534,Right of use asset - financing,7572100
201821079349300312,060653264,OTHER RECEIVABLES,2496256
201821079349300312,060653264,DEPOSITS WITH BOND TRUSTEES,28195350
201820949349300537,953890724,LIBRARY BOOKS,246466
201820949349300537,953890724,SECURITY DEPOSIT,16515
201841079349301004,231352689,Interest in beneficial trust,10503083
201841079349301004,231352689,Due from related organization,224010
201811039349300206,741109633,FUNDS HELD IN TRUST BY OTHERS,360015759
201811039349300206,741109633,Intercompany Receivables - due from Trinity Tigers Investment Corporation,35567448
201841149349300754,951684064,Other assets,1049888
201841149349300754,951684064,Investment Sales Receivable,9679547
201840759349300839,900394713,Due from Affiliates,43376611
201840759349300839,900394713,Deposits,214784
201841359349301584,440562048,Funds Held in Trust,18960685
201841359349301584,440562048,FUNDS HELD AT TIAA,150956
201821159349300202,042103731,DEPOSITS WITH BOND TRUSTEES,38007822
201821159349300202,042103731,OTHER ASSETS,112853
201810999349300646,362182170,CASH ON DEPOSIT WITH AFFILIATE,3632426
201810999349300646,362182170,INVEST. IN FNDTN POOLED FUNDS,2454766
201831209349301548,746066216,Radio Permit,722054
201831029349300238,430654855,BENEFICIAL INTEREST IN REMAINDER TRUSTS,1899579
201831029349300238,430654855,BENEFICIAL INTEREST IN PERPETUAL TRUSTS,293794
201831029349300238,430654855,CSV OF LIFE INSURANCE POLICIES,133723
201841359349303139,381358036,DUE FROM PURCHASER,360479
201841359349303139,381358036,PREMIER RECEIVABLE,278358
201811219349300226,133916822,SECURITY DEPOSITS,64561
201801299349300340,020222154,COLLECTIONS,2109479
201801299349300340,020222154,CONSTRUCTION IN PROGRESS,631233
201801299349300340,020222154,ASSETS HELD IN CHARITABLE REMAINDER TRUST,115802
201801299349300340,020222154,DEBT ISSUANCE COSTS,362688
201801299349300340,020222154,PREPAID EXPENSE,14882
201800319349301230,741180155,DUE FROM AFFILIATES,764941124
201800319349301230,741180155,CONSTRUCTION IN PROGRESS,563873700
201800319349301230,741180155,DEPOSITS AND MISCELLANEOUS RECEIVABLES,4307630
201831229349300728,930386892,DEPOSITS WITH BOND TRUSTEE,4521852
201831229349300728,930386892,FUNDS HELD IN TRUST BY OTHERS,21093645
201821049349300017,750800691,BENEFICIAL INTEREST IN TRUSTS,10352352
201801019349301010,710239383,CONTRIBUTIONS RECEIVABLE FROM REMAINDER,2678157
201801019349301010,710239383,INTEREST IN PERPETUAL TRUSTS,19532970
201801019349301010,710239383,OTHER ASSETS,1500275
201820939349300322,310971599,RESTRICTED CASH,4102373
201820939349300322,310971599,ASSETS HELD IN CRUT,362110
201801319349304870,133838740,SECURITY DEPOSITS,82835
201801319349304870,133838740,BOND ESCROW,1833556
201801319349304870,133838740,OTHER RECEIVABLES,1717795
201801319349304870,133838740,DUE FROM AFFILIATES,20038731
201841359349313059,581685139,INTERCOMPANY RECEIVABLES,104450694
201841359349313059,581685139,OTHER ASSETS,654602
201801319349302070,231365351,Inter-Company Receivable from Affiliates,394774
201801319349302070,231365351,Assets Held in Trust - EH Foundation,27348092
201801319349302070,231365351,Health Partners Investment,938721
201801319349302070,231365351,Investment in Affiliated Companies,310751
201841359349303004,741357323,CONSTRUCTION IN PROGRESS,31724
201841359349303004,741357323,BENEFICIAL INTEREST CGA,1145643
201841359349303004,741357323,OIP CHARITABLE TRUST,24520626
201841359349305014,470384159,BENEFICIAL INTEREST IN LAND,683964
201801319349302720,231352213,DUE FROM AFFILIATES,274832048
201801319349302720,231352213,DUE FROM THIRD PARTIES,2589069
201801319349302720,231352213,OTHER ACCOUNTS RECEIVABLE,5865155
201801319349302720,231352213,ANNUITY CONTRACTS,25786797
201801319349302720,231352213,INSURANCE RRRG ASSETS,18267128
201801319349302720,231352213,OTHER ASSETS,48480397
201841359349302244,475271468,DUE FROM GROUP CENTRAL ORGANIZATION,608490
201801299349302860,560543261,DUE FROM FOUNDATION,3269455
201841359349310184,630288850,Interests in perpetual trusts,6968414
201841359349310184,630288850,Real estate investments,871882
201841359349310184,630288850,Other assets,247837
201841359349310184,630288850,Estates receivable,710000
201841359349310184,630288850,Interest in coal leases,639516
201801159349300345,570314380,Contributions Receivable from CRT's,11244399
201801159349300345,570314380,Perpetual Trust held by Third Party,4442916
201801159349300345,570314380,Miscellaneous Receivables,68268
201801159349300345,570314380,PROPERTY HELD FOR SALE,378105
201841359349302159,221508627,INSURANCE POLICIES,225542
201841359349302159,221508627,DUE FROM AFFILIATES,28382882
201841359349302159,221508627,OTHER RECEIVABLES AND ASSETS,599584
201801299349303405,341018992,Funds Held By Others,337553083
201801349349304915,230596940,DUE FROM AFFILIATES,398073928
201801349349304915,230596940,FOUNDATION,52704930
201801349349304915,230596940,OTHER RECEIVABLES,1881735
201801349349304915,230596940,OTHER ASSETS,39937329
201801349349305825,550561496,ACCOUNTS RECEIVABLE RELATED PARTY,468092
201801349349305825,550561496,RESTRICTED CASH,87085
201821349349303362,131624225,457B PLAN ASSETS,12023320
201821349349303362,131624225,INVESTMENTS HELD FOR AECOM INC,61735802
201821349349303362,131624225,DONOR RELATED ASSETS,12141851
201821349349303362,131624225,OTHER ASSETS,12495372
201821349349303362,131624225,PREPAID BCBS,2253265
201801349349306285,953538772,DUE FROM FEDERAL FUND,829593
201801349349305185,231352118,PENSION 457 PLAN,1570467
201801349349305185,231352118,DUE FROM AFFILIATE,7448590
201801349349305185,231352118,INVESTMENT IN AFFILIATE,387382
201801349349304885,390806251,Collateral held under securities lending agreement,22632000
201801349349304885,390806251,Funds held in trust by others,13426000
201801349349304885,390806251,Cash surrender value of life insurance,574529
201801349349304885,390806251,Deposits in escrow
201801349349304885,390806251,Unexpended bond proceeds,45961000
201801349349304885,390806251,Property held for investment
201821349349305152,231352651,DUE FROM AFFILIATES,878020264
201821349349305152,231352651,OTHER RECEIVABLES,5248519
201821349349305152,231352651,OTHER ASSETS,11900985
201821349349306102,340714334,INV.IN MCCULLOUGH CTR HLDGS.,8153343
201821349349308282,756114836,Art and Museum Objects,232950
201821349349308282,756114836,First Dallas Media Inc. Annuity Receivable,5600324
201821349349304642,860186050,Curriculum,5173000
201821349349307477,350935587,ASSET HELD FOR SALE,215238
201821349349307477,350935587,INTEREST RATE SWAP VALUATION,18649
201821349349307477,350935587,BENEFICIAL INTEREST IN TRUSTS,2488241
201831309349303953,943185612,SECURITY DEPOSITS,63094
201831309349303953,943185612,REFUNDABLE BOND,250000
201831309349303953,943185612,REFUNDABLE BOND - ACCRUED INTEREST,4413
201831309349300108,560623936,BENEFICIAL INTEREST IN PERPETUAL TRUSTS,7846043
201831309349300108,560623936,CASH VALUE OF LIFE INSURANCE,209419
201831309349300108,560623936,OTHER ASSETS,650740
201831289349302913,430610813,ASSETS HELD IN TRUST BY OTHERS,3499719
201821279349300982,730579265,BENEFICIAL INTERESTS IN TRUSTS,32868085
201821279349300982,730579265,OTHER,747648
201841309349303334,952462737,"Prepaid Expenses, Long-Term",178264
201841309349303334,952462737,197 Security Deposits,26598
201841309349303334,952462737,199 Other Student AR,268629
201841309349303334,952462737,108 Restricted Cash,8766
201841309349301374,250965406,Long term advances,9018278
201841309349301374,250965406,Beneficial interest,943663
201841309349301374,250965406,Interest in JV conversion,562731
201811249349301816,010356077,INTEREST IN RELATED PARTY,6591970
201821279349300407,237242844,CONSTRUCTION IN PROGRESS,2585174
201821279349300407,237242844,OTHER CURRENT ASSETS,23680
201821279349300407,237242844,DONATED SCULPTURE,10000
201821349349307447,610444695,FUNDS HELD IN TRUST BY OTHERS,6696474
201821349349307447,610444695,OTHER ASSETS,151520
201831249349301663,010211494,OTHER RECEIVABLES,5746317
201831249349301663,010211494,DEPOSITS,5900
201831249349301663,010211494,EST AMT DUE FROM 3RD PARTY,17953082
201831249349301663,010211494,INTEREST IN RELATED PARTY,19756034
201821299349302007,231365353,MISCELLANEOUS RECEIVABLE,12495189
201821299349302007,231365353,ASSETS WHOSE USE IS LIMITED,5024602
201821299349302007,231365353,OTHER CURRENT ASSETS,508144
201821299349302007,231365353,PERPETUAL TRUST FUNDS,7081741
201821299349302007,231365353,FUNDS HELD BY AN AFFILIATE,1748275
201821299349302007,231365353,OTHER LONG-TERM ASSETS,10382582
201821299349302007,231365353,INV IN NON-CONSOL AFFILIATES,6285322
201821299349302007,231365353,DUE FROM AFFILIATES,3394541
201811289349302246,621669683,DONATED MATERIALS,28621
201811289349302246,621669683,ASSET HELD FOR SALE,3000
201811289349300521,250967480,DEFERRED FINANCING COSTS,286502
201811289349300521,250967480,DUE FROM AFFILIATES,23178358
201811289349300521,250967480,THIRD PARTY PAYOR SETTLEMENTS,116924
201811289349300521,250967480,OTHER ASSETS,181473
201801309349301215,042103580,COLLATERAL ADVANCED UNDER SECURITY BORROWING AGREEMENTS,1801862000
201801309349301215,042103580,OTHER INVESTMENTS,1523395000
201801309349301215,042103580,INVESTMENT IN TRUSTS HELD BY OTHERS,397161000
201820819349300022,620730291,Rounding,2
201801279349300720,410694747,TRUSTS HELD BY OTHERS,12825913
201801279349300720,410694747,DEPOSITS WITH BOND TRUSTEE,54525462
201811249349301166,550419865,OTHER NON-CURRENT ASSETS,47786
201811249349301166,550419865,ACCRUED INTEREST RECEIVABLE,472500
201811249349301166,550419865,PERMIT,4000000
201811249349301166,550419865,OTHER CURRENT ASSETS,370053
201811249349301166,550419865,ASSETS HELD FOR SALE,400000
201811299349300901,132553815,DUE FROM RELATED PARTIES,252924
201821359349301947,540506457,ENDOWMENT HELD IN TRUST BY OTHERS,12800668
201811079349300411,330683684,"security deposits, non-current",82600
201811079349300411,330683684,"security deposits, current"
201811299349301341,370673513,BENEFICIAL INTEREST IN PERPETUAL TRUST,11807942
201811299349301341,370673513,STUDENT LOANS RECEIVABLE,3668701
201821249349301027,510192025,INVESTMENTS IN SUBS,1453306
201821249349301027,510192025,OTHER ASSETS,544872
201821249349301107,350868202,CSV LIFE INSURANCE,2307821
201821249349301107,350868202,INTEREST IN PERPETUAL TRUSTS,8230472
201821249349301107,350868202,REC-CHARITABLE REMAINDER TRUST,21600536
201821249349301107,350868202,SWAP TERMINATION,26199
201811279349301621,041958460,Deposits with bond trustees,42258711
201811279349301621,041958460,Charitable remainder unitrusts,1837530
201811279349301851,362662739,Interest Receivable,25927
201811279349301851,362662739,Other Assets,16333
201811279349301851,362662739,Artwork Collection,3716668
201811279349301851,362662739,Guarantee on Swap Agreement,1807650
201811279349301851,362662739,Facility Lease Escrow,162500
201811279349301781,231352222,Due from affiliates,37623238
201811279349301781,231352222,Intangible Assets,1989695
201811279349301781,231352222,Notes Receivable,204946862
201811279349301781,231352222,Total Other noncurrent assets,6959509
201801309349302225,310537486,INVESTMENT IN UNCONSOLIDATED ORGANIZATION,1053804
201801309349302225,310537486,MALPRACTICE INSURANCE/WORKERS COMPENSATION RECEIVABLE,14378273
201801309349302225,310537486,DUE FROM RELATED ORGANIZATIONS,36954162
201841289349302014,042103852,LIFE INSURANCE - CASH VALUE,2036602
201841289349302014,042103852,MISC. RECEIVABLES,16981
201841289349302014,042103852,SECURITY DEPOSITS,23167
201841289349302014,042103852,INSOLVENCY FUND,100000
201841289349302014,042103852,INTRA-GROUP RECEIVABLE,12343151
201811309349302511,520595110,INVESTMENTS IN AND LOANS TO AFFILIATES,258248000
201811309349302511,520595110,INTERESTS IN TRUSTS AND ENDOWMENT FUNDS HELD BY OTHERS,114085000
201811309349302511,520595110,MCIC MALPRACTICE INSURANCE RECOVERIES RECEIVABLE,55845000
201811309349302511,520595110,MCIC INVESTMENT,55993000
201811309349302511,520595110,DEFERRED COMPENSATION,118782000
201811309349302511,520595110,DONATED PROPERTY,1613000
201821279349301482,131985627,BEQUEST HELD IN PERPETUAL TRUST,946082
201811299349302846,620483210,Other Assets,809162
201811299349302846,620483210,Beneficial Interest in Assets held by others,1824753
201801459349300505,310604719,Other Receivables,63475
201801459349300505,310604719,Cash Value Life Insurance,4811
201831789349300113,952988463,Related Party Receivables,4486749
201821359349301722,391097032,LIBRARY HOLDINGS,1632518
201801779349300330,660498051,RELATED PARTIES,2471634
201801779349300330,660498051,PROPERTY HELD FOR FUTURE USE,1409351
201801779349300330,660498051,DEPOSITS FOR UTILITIES,358479
201801779349300330,660498051,PREPAID EXPENSES,326762
201801779349300330,660498051,GRANTS,102982
201801779349300245,043403049,SECURITY DEPOSIT,64703
201831359349306048,231352152,OTHER RECEIVABLES,6178667
201831359349306048,231352152,OTHER ASSETS,46984646
201831359349306048,231352152,DUE FROM AFFILIATES,4676391
201821359349311147,390806428,CONTRIBUTION RECEIVABLE FROM REMAINDER TRUSTS,720267
201821359349311147,390806428,BENEFICIAL INTERST IN PERPETUAL TRUST,2274509
201821359349311147,390806428,DEPOSITS HELD BY TRUSTEE,13963
201821359349311147,390806428,SPLIT INTERST AGREEMENTS,893103
201821359349311147,390806428,DEBT ISSUE COSTS,45664
201831809349301013,200151437,ART COLLECTION,4125
201831809349301013,200151437,DEPOSITS,21450
201801359349307970,060646623,DEPOSIT WITH TRUSTEES,50001935
201801359349307970,060646623,PREPAID EXPENSES,3853097
201801359349307970,060646623,OTHER ASSETS,3424201
201801359349312075,420707120,BENEFICIAL INTEREST IN PERTETUAL TRU,6875445
201801359349312075,420707120,COLLECTIBLES,3043375
201801359349312075,420707120,DEBT SERVICE FUND,2497350
201801359349312075,420707120,REMAINDER INTEREST TRUSTS,1477284
201801359349312075,420707120,LIBRARY BOOKS,654025
201801359349312075,420707120,CONSTRUCTION IN PROGRESS,345642
201801359349312075,420707120,CASH AND CASH EQUIVALENTS,13081
201811919349300131,522069008,EMPLOYEE ADVANCE,41415
201811319349301601,231355135,CAPTIVE RETO PREMIUMS,12833986
201811319349301601,231355135,DEPOSITS & DEFERRED FINANCING,1090848
201811319349301601,231355135,DUE FROM FOUNDATION,762720
201811319349301601,231355135,PATENTS,17004
201842269349301769,060646597,457B ASSET,847696
201842269349301769,060646597,BOND ESCROW FUND,1434613
201842269349301769,060646597,BOND ISSUANCE COST,1938911
201842269349301769,060646597,BULK ACCOUNTS NET OF RESERVE,1155796
201842269349301769,060646597,CSV ON OFFICER'S LIFE POLICY,2088831
201842269349301769,060646597,DUE FROM RELATED PARTIES,18817425
201842269349301769,060646597,INTEREST IN DH/NMH FOUNDATION,99589653
201842269349301769,060646597,INVESTMENT IN SONIC LAB,2722791
201842269349301769,060646597,MALPRACTICE RECEIVABLE,1345000
201842269349301769,060646597,MORRISON DEPOSIT,96418
201842269349301769,060646597,OTHER RECEIVABLES,12213271
201821359349307692,550357039,BENEFICIAL INT. IN PERPETUAL TRUSTS,13405799
201842159349300509,340909974,BENEFICIAL INTEREST IN TRUST,1416358
201842159349300509,340909974,CASH SURRENDER VALUE OF LIFE INSURANCE,16434
201842159349300509,340909974,DEPOSITS,91318
201842159349300509,340909974,457(F) PLAN ASSETS,12600
201842159349300509,340909974,INTEREST RATE SWAP ASSET,1584
201842139349301259,237135915,CD'S MATURITIES OF MORE THAN 1YR,7667333
201842139349301259,237135915,CAPITAL CREDITS RECEIVABLE,1064696
201801359349307500,480543729,INTEREST IN PERPETUAL TRUSTS,13581613
201801359349307500,480543729,OTHER ASSETS,53044
201831359349302893,383519708,Restricted Cash,300000
201831359349302893,383519708,Intercompany Receivable - AMSLF,1286355
201811319349304331,810235407,Trusts
201801359349305210,237347292,ARTS AND PAINTINGS,20573
201801359349305210,237347292,ESCROW DEPOSITS,57643
201801359349305210,237347292,LIBRARY,29538
201801359349305210,237347292,SECURITY DEPOSIT,10270
201801359349305210,237347292,UNAMORTIZED MORTGAGE COSTS,15190
201831319349302238,421264647,OTHER ASSETS,857995
201831319349302238,421264647,MISC ACCOUNTS RECEIVABLE,2879020
201831319349302238,421264647,457B PLAN ASSETS,11327540
201811809349300411,660258919,CASH-RESTRICTED,4754755
201811809349300411,660258919,ESTIMATED THIRD-PARTY PAYOR SETTLEME,478952
201811809349300411,660258919,DUE FROM RELATED ORGANIZATIONS,269329
201811809349300411,660258919,PREPAID EXPENSES,229306
201812139349301561,720535375,BOND FUNDS,11
201812139349301561,720535375,DEPOSITS,6753
201812139349301561,720535375,CSV OF EXEC/KEY LIFE INSURANCE,417310
201812139349301561,720535375,UNINVESTED VALUE OF SERP,6667495
201812139349301561,720535375,DUE FROM RELATED PARTY,277053040
201801989349300925,420681067,CSV OF LIFE INSURANCE,450000
201831949349301013,113354073,Due from AFFILIATE,200111
201831949349301013,113354073,NET INTANGIBLE ASSETS,4808
201831949349301013,113354073,Rounding,2
201801359349303490,362167842,BENEFICIAL INTEREST IN TRUST,11464403
201801359349303490,362167842,IRREVOCABLE TRUST RECEIVABLE,542704
201802279349301135,061331677,Interest in Investments Held by Foundation,3902994
201802279349301135,061331677,Interest in Investments Held by Ascension Health,11348871
201802279349301135,061331677,Due from Affiliates
201802279349301135,061331677,Deferred Compensation Asset - Ascension Health Plans
201802279349301135,061331677,Miscellaneous Accounts Receivable,386749
201821359349309482,510067938,EQUITY IN BEEBE PHYS. NETWORK,-114083
201821359349309482,510067938,INT IN FDN. UNRESTR NET ASSETS,5642048
201821359349309482,510067938,INT IN FDN. RESTRICT NET ASSET,12320125
201821359349309482,510067938,TEMPORARILY RESTRICTED FUNDS,643713
201821359349309482,510067938,PERMANENTLY RESTRICTED FUNDS,327795
201821359349309482,510067938,WORK COMP & MALP INSURANCE,4484117
201821359349309482,510067938,LAND HELD FOR FUTURE SALE,1838339
201821359349309482,510067938,PREMIER + DUES FROM FOUNDATION,3207020
201831319349304443,200536531,PAYROLL DEPOSITS,7038
201831319349304443,200536531,ADVANCE,5000
201831319349304443,200536531,SECURITY DEPOSITS,3035
201831909349300238,640306253,UNAMORTIZED BOND COSTS,1476812
201831909349300238,640306253,ASSETS WHOSE USE IS LIMITED,22060186
201831909349300238,640306253,DEFERRED COMP FUND,6887984
201831909349300238,640306253,SPILLWAY LEASE,267953
201831909349300238,640306253,ESTIMATED SETTLEMENTS W/THIRD PARTIES,661751
201831909349300238,640306253,CIP,10953636
201831909349300238,640306253,DUE FROM AFFILIATES,373112886
201812229349300936,050259026,OTHER ASSETS,461815
201812229349300936,050259026,MALPRACTICE INSURANCE RECEIVABLE,3383682
201802229349301510,362340313,DUE FROM AFFILIATES,58526915
201802229349301510,362340313,FUNDS RSTRCTED UNDER BOND FIN,12643063
201842219349300974,042790311,Contractual Adjustment Receivable,24981470
201842219349300974,042790311,Due From Affiliated Companies,52723943
201842219349300974,042790311,Beneficial Interest in Net Assets of BHF,15821284
201842219349300974,042790311,Funds Held - Bond Indenture,1567230
201842219349300974,042790311,Board Designated - Due From Unrestricted Funds,1089207
201811319349302161,231177930,Cash Surrender Value of Life Insurance,843325
201811319349302161,231177930,Deposits Held by Trustee,19457354
201811319349302161,231177930,COLLECTIONS,8086398
201811319349304956,200363127,DUE FROM TOURO UNIVERSITY,1951943
201811319349304956,200363127,DUE FROM TOURO COLLEGE,17677174
201811319349304956,200363127,ARTWORK,22000
201811319349304956,200363127,SECURITY DEPOSITS,6515
201811319349304956,200363127,BOND ESCROW,4909251
201841939349301029,750827446,EDUCATIONAL LOANS/RECRUITING,48940
201841939349301029,750827446,INTEREST RECEIVABLE,235353
201841939349301029,750827446,DUE FROM AFFILIATES,27712909
201841939349301029,750827446,FNB SELF INSURANCE TRUST,12168205
201841939349301029,750827446,RESTRICTED CASH,5343232
201841939349301029,750827446,OTHER ASSETS,1442535
201831359349312773,510205293,DEPOSITS,756
201831359349312773,510205293,INTELLECTUAL PROPERTY,1063357
201831319349303228,150532254,I/C ACCOUNTS RECEIVABLE,566285
201831319349303228,150532254,I/C OTHER ASSETS,1851361
201831319349303228,150532254,INVESTMENT IN AFFILIATES,38601321
201831319349303228,150532254,MISCELLANEOUS RECEIVABLES,6372543
201831319349303228,150532254,OTHER LONG TERM ASSETS,35000
201831349349306738,430743910,Life estate,976000
201831359349306183,952798775,Interest In Net Assets of Concordia University Foundation,6066982
201831359349306183,952798775,Beneficial Interest in Perpetual Funds,1018066
201831359349306183,952798775,Beneficial Interest in Split Int Agreements,1162918
201831359349306183,952798775,Cash Surrender value of life insurance,495000
201811359349307176,530196640,ACCRUED INVESTMENT INCOME,82199
201811359349307176,530196640,FUNDS HELD IN TRUST BY OTHERS,11436072
201801359349305465,990272261,INTEREST IN NET ASSETS OF CUEF,1397721
201801359349305465,990272261,COLLECTIONS,154104
201801359349305465,990272261,BENEFICIAL INTEREST IN REMAINDER TRUST,29581
201801359349305465,990272261,PREPAID RENT,3444000
201811359349302371,240795508,Funds held by others,110440
201811359349302371,240795508,Interest in net affiliate,230540
201811359349302371,240795508,Other,338674
201811359349302371,240795508,Due from affiliates,38257915
201811359349302371,240795508,Other long-term receivables,12573800
201831359349308708,370661227,CAPITAL CAMPAIGN INVESTMENT,266496
201831359349308708,370661227,CHARITABLE REMAINDER TRUST - INVESTMENTS,960910
201831359349308708,370661227,LIFE INSURANCE - CSV,59898
201831359349308708,370661227,MUSEUM & ARTS COLLECTION,1748686
201801359349312415,560532129,DEPOSITS WITH BOND TRUSTEE,28601001
201801359349312415,560532129,INTEREST IN PERPETUAL TRUST HELD BY OTHERS,805473809
201831359349314448,510143399,TUITION RECEIVABLE-LONG TERM,69760
201831359349314448,510143399,INTEREST RECEIVABLE-DEF'D TUITION,34164
201831359349314448,510143399,LEASE SECURITY DEPOSIT,5000
201831359349314448,510143399,WORKER COMP DEPOSIT,584
201831359349314448,510143399,RESERVE FOR UNCOLLECTIBLE TUITION,-31310
201822229349300942,410682405,Intercompany Receivables,96906667
201822229349300942,410682405,"Film and Video Costs, net",151254
201822229349300942,410682405,CSV Life Insurance,234428
201822229349300942,410682405,Collections,793414
201822229349300942,410682405,Goodwill,2187766
201822229349300942,410682405,Split Interest Agreements,1433021
201811319349303061,520610538,ASSETS OF RELATED ORGANIZATION,78557925
201811319349303061,520610538,ASSETS WHOSE USE IS LIMITED,36524590
201811319349303061,520610538,MALPRACTICE REINSURANCE,6004794
201811319349303061,520610538,OTHER ASSETS,3816773
201811319349303061,520610538,OTHER RECEIVABLES,2692343
201831349349304568,550394213,FUNDS HELD IN TRUST BY OTHERS,1966247
201831349349304568,550394213,OTHER ASSETS,411798
201831369349300148,760057699,Endowment,221174
201812269349300991,042767880,Due From affiliates,18750262
201812269349300991,042767880,Other assets,835104
201812269349300991,042767880,federal student loans,558967
201842269349301844,610444716,Self Insurance Funds,181909
201842269349301844,610444716,TRUSTEED FUNDS,100087
201842269349301844,610444716,DUE FROM RELATED PARTIES,153720796
201842269349301844,610444716,OTHER RECEIVABLES,3648100
201811359349301561,521106842,DEPOSITS,2300
201811359349301561,521106842,TORAHS,149203
201811359349301561,521106842,OTHER CURRENT ASSETS,2176
201811359349301561,521106842,CONSTRUCTION IN PROGRESS,25799
201811359349300541,030179299,ACKLEY SCIENCE LAB CIP
201811359349300541,030179299,BOND ISSUANCE COSTS,654978
201811359349300541,030179299,BUILDINGS CIP,1831
201811359349300541,030179299,CAPITAL IMPROVEMENT ESCROW,1607910
201811359349300541,030179299,KILLINGTON CIP,7133
201811359349300541,030179299,PRESSURE RELIEF VALVE PHASE 1,80740
201811359349300541,030179299,TITLE III THINK TANK CIP,36243
201811359349300541,030179299,WALDRON CIP
201831359349300423,560529988,CONTRIBUTIONS RECEIVABLE,2302459
201831359349300423,560529988,BENEFICIAL INTEREST,4408612
201831359349300423,560529988,OTHER,728239
201831359349300423,560529988,DUE FROM PEACE COLL OF RALEIGH,3825492
201831359349300423,560529988,FMV OF INTEREST RATE SWAP,34638
201811359349301861,430654872,FUNDS HELD IN TRUST BY OTHERS,71610813
201811359349301861,430654872,SSM-SLUH INC INVESTMENT,65439776
201811359349301861,430654872,ARTWORK,12726848
201811359349301861,430654872,OTHER MISCELLANEOUS,5627994
201831359349310403,951644037,Assets Held as Trustee,159156895
201831359349310403,951644037,Investments in Subsidiaries,68193190
201831359349310403,951644037,Investments - Real Estate,26086540
201831359349310403,951644037,Investments - Notes Receivable,6197150
201831359349310403,951644037,Held Under Agency Agreements,1862388
201831359349310403,951644037,Other Investments,617406
201831369349300733,941312349,Land and buildings held for resale,3990000
201831369349300733,941312349,Restricted Cash for Debt Service,225505
201831369349300733,941312349,Prepaid Expenses,311152
201831369349300733,941312349,Other Accounts Receivable,277531
201831369349300733,941312349,Misc Other Assets,53325
201841319349302664,390847631,Accounts receivable- all other
201841319349302664,390847631,"Intercompany-Ministry Health Care, Inc."
201841319349302664,390847631,Interest in investments held by Ascension Health Alliance
201841319349302664,390847631,assets held for sale
201841319349302664,390847631,Due to Affiliates,878850
201841319349302664,390847631,Estimated Settlements from Third-Party Payor,3429303
201841319349302664,390847631,Other Receivables,828379
201841319349302664,390847631,Miscellaneous Current Assets,50113
201811359349307301,593069793,Other Receivables,989625
201811359349307301,593069793,Interest in Net Assets of Recipient Organization,7823186
201831359349302863,231352193,RECOVERABLE PROF LIABILITY,1428000
201831359349302863,231352193,INTEREST IN FOUNDATION ASSETS,8025915
201831359349302863,231352193,OTHER ASSETS,10025354
201821929349300637,131810448,Deposits,1342513
201821929349300637,131810448,Beneficial interest in perpetual trust,79158
201831359349307923,362270695,"REMAINDER INTEREST TRUSTS, AT MARKET VALUE",538958
201831359349307923,362270695,CONTRIBUTIONS RECEIVABLE FROM REMAINDER INTEREST TRUSTS,126258
201831359349307923,362270695,BENEFICIAL INTEREST IN PERPETUAL TRUSTS,2263753
201831359349307923,362270695,CASH SURRENDER VALUE OF LIFE INSURANCE POLICIES,39578
201831349349300438,231543518,Beneficial Interest in Perpetual trust - the Garrison Foundation,1949802
201831349349300438,231543518,DUE FROM EMPLOYEES,4200
201831869349300223,237439363,SECURITY DEPOSIT,5000
201801359349311505,381374230,Accrued Interest Receivable,684120
201801359349311505,381374230,Beneficial Interests in Trusts,73122760
201831349349302513,730579298,DEPOSITS WITH BOND TRUSTEE,15775096
201831349349302513,730579298,FUNDS HELD IN TRUST BY OTHERS,547079588
201821309349303897,208825983,deposits,2000000
201801359349311675,362167921,Beneficial Interest in Irrevocable Trust,4190091
201811349349301701,640303084,Funds Held in Trust,12635056
201811349349301701,640303084,Investment in Millsaps Dev Inc,3833596
201811349349301701,640303084,Cash Surrender Value Life Ins,2635280
201831349349302698,721173156,INT. IN NET ASSETS OF OLOL FDN,10796317
201831349349302698,721173156,REFUNDABLE ADVANCE - OLOL FDN.,1231193
201831349349302698,721173156,DUE TO/FROM OTHERS,138033
201831349349302713,390826049,Cash Surrender Value - Life Insurance,1554474
201831349349302713,390826049,Unamortized debt issuance costs net of accumulated amortization,427708
201831349349302713,390826049,Beneficial Interests in trusts,8758963
201831349349302713,390826049,Works of art,1072685
201811629349300861,237400778,GCENTER SECURITY DEPOSIT,49500
201811629349300861,237400778,RENT DEPOSIT,4350
201811629349300861,237400778,SECURITY DEPOSIT,1610
201821309349300822,150533561,DEPOSITS WITH BOND TRUSTEE,5633860
201821309349300822,150533561,SPLIT INTEREST AGREEMENTS,15900392
201821359349312367,710240352,MISCELLANEOUS RECEIVABLES,530308
201821359349312367,710240352,EXCHANGE ACCOUNT,792021
201821359349312367,710240352,LAND FOR FUTURE DEVELOPMENT,5242921
201821359349312367,710240352,INVESTMENT IN FORT SMITH EMS,1227613
201821359349312367,710240352,INVESTMENT IN MERCY ASC,3081884
201821359349312367,710240352,OTHER NON CURRENT ASSETS,26000
201821359349312367,710240352,INVESTMENT IN SUBSIDIARIES,21116366
201811419349300831,232825878,Self Insurance Assets,32618239
201811419349300831,232825878,Assets Held in Perpetual Trust,33481149
201811419349300831,232825878,Due From Affiliated Companies,33648480
201811419349300831,232825878,Other Assets,20558952
201811649349300146,042103830,DEVELOPMENT FEE RECEIVABLE,2179709
201811649349300146,042103830,INVESTMENT IN 150 NORTH STREET LLC,1576368
201811649349300146,042103830,INVESTMENT IN 150 NORTH STREET MANAGER LLC,21720200
201811649349300146,042103830,DUE FROM RELATED PARTY,181725
201811649349300146,042103830,INVESTMENT IN JOINT VENTURE,130000
201812159349300841,010211534,A/R Workers Compensation Insurance,1132239
201812159349300841,010211534,Assets whose use is limited,165282
201812159349300841,010211534,Beneficial Interest in Perpetual Trusts,850372
201812159349300841,010211534,Board designated funds-Other,3679352
201812159349300841,010211534,Investment in Net Assets held @ EMHSF,8219544
201812159349300841,010211534,Self Insurance & Pension Plans,391691
201812159349300841,010211534,Temporarily Donor Restricted Funds,140670
201821359349308427,131740447,beneficial interest in perpetual trust,365123
201821359349308427,131740447,investments - photographs,2539501
201821359349308427,131740447,deposit with bond trustees,2259384
201821359349308427,131740447,investments - other,36250
201821299349302312,470757164,Other Assets
201821299349302312,470757164,Assets Held for Future Expansion,5068716
201821299349302312,470757164,Intercompany Receivables,381203615
201811319349302166,421511682,Intercompany Receivables
201811319349302166,421511682,Intercompany Receivables
201811319349302166,421511682,Intercompany Receivables
201811319349302166,421511682,Intercompany Receivables,17486735
201821359349309557,630288870,Bond issuance cost,184000
201821359349309557,630288870,Cash held in bond trust accounts,152284
201822259349301092,060646813,INTERCOMPANY ACCOUNTS RECEIVABLE,115540795
201822259349301092,060646813,MISCELLANEOUS RECEIVABLES,4769912
201822259349301092,060646813,INVESTMENT IN AFFILIATES,11736767
201822259349301092,060646813,INTERCOMPANY OTHER ASSETS,10422693
201822259349301092,060646813,REINSURANCE RECOVERY,11521685
201822259349301092,060646813,OTHER LONG TERM ASSETS,681911
201831359349310943,952544535,ALTERNATIVE ASSET PARTNERSHIPS - DISTRESSED/DEBT RELATED,9623944
201831359349310943,952544535,ALTERNATIVE ASSET PARTNERSHIPS - ENERGY/RESOURCES,13852092
201831359349310943,952544535,ALTERNATIVE ASSET PARTNERSHIPS - INTERNATIONAL PRIVATE EQUITY,9324218
201831359349310943,952544535,ALTERNATIVE ASSET PARTNERSHIPS - REAL ESTATE,8717109
201831359349310943,952544535,ALTERNATIVE ASSET PARTNERSHIPS - U.S. PRIVATE EQUITY,14583905
201831359349310943,952544535,ALTERNATIVE ASSET PARTNERSHIPS - VENTURE CAPITAL,19995207
201831359349310943,952544535,MARKETABLE ALTERNATIVES - DISTRESSED,5405290
201831359349310943,952544535,MARKETABLE ALTERNATIVES - DIVERSIFIED ARBITRAGE,22029969
201831359349310943,952544535,Marketable Alternatives - Diversifiers,20935262
201831359349310943,952544535,MARKETABLE ALTERNATIVES - EVENT DRIVEN,14740155
201831359349310943,952544535,MARKETABLE ALTERNATIVES - GLOBAL LONG/SHORT,21662233
201831359349310943,952544535,MARKETABLE ALTERNATIVES - OPPORTUNISTIC,7275143
201831359349310943,952544535,Marketable Alternatives - U.S. Long/Short,5808310
201831359349310943,952544535,WEST COAST CONFERENCE,179656
201822279349302787,680259118,DEPOSITS,14667
201822279349302787,680259118,INVENTORY,132500
201831359349304563,141713034,Beneficial Interest In Bard Endowment Trust,120255998
201831359349304563,141713034,Beneficial Interest In Perpetual Trust,8448801
201831359349304563,141713034,Deposits with Bond Trustees,4893250
201831359349304563,141713034,Other Assets,2037891
201812259349302126,721025017,UNAMORTIZED BOND ISSUE COSTS,1970608
201812259349302126,721025017,"DUE FROM PARENT COMPANY, GENERAL HEALTH SYSTEM",24475493
201812259349302126,721025017,GOODWILL,4705977
201832259349301448,060646554,OTHER RECEIVABLES,960936
201832259349301448,060646554,"INTEREST IN BRIDGEPORT HOSPITAL FOUNDATION,INC.",86339465
201832259349301448,060646554,INTEREST IN BRIDGEPORT HOSPITAL AUXILIARY,464300
201832259349301448,060646554,INTEREST IN CENTURY FINANCIAL SERVICES,761459
201832259349301448,060646554,DUE FROM AFFILIATES,3856098
201832259349301448,060646554,THIRD PARTY RECEIVABLES,360000
201832259349301448,060646554,PROFESSIONAL LIABILITIES INSURANCE RECOVERIES RECEIVABLES,28048219
201811359349308166,202570942,"note receivable , affiliated entity",690200
201822259349301397,060646844,INTERCOMPANY RECEIVABLES,2981656
201822259349301397,060646844,INVESTMENT IN AFFILIATES,12368255
201822259349301397,060646844,REINSURANCE RECOVERY,4502334
201822819349300527,750855633,BENEFICIAL INTEREST,31482394
201811379349300516,231608264,BENEFICIAL INTEREST IN PERPETUAL TRUST,1051185
201811379349300516,231608264,CASH SURRENDER VALUE OF LIFE INSURANCE POLICY,51624
201811359349309961,620479189,BENEFICIAL INTEREST IN TRUST,6362317
201811359349309961,620479189,PROPERTY HELD FOR RESALE/INVESTMENT,3348497
201811359349307786,240795686,DEPOSITS WITH BOND AND OTHER TRUSTEES,80011323
201821319349304072,560530005,SPLIT INTEREST AGREEMENTS,2078148
201821319349304072,560530005,CASH SURRENDER VALUE OF LIFE INSURANCE,1000416
201821319349304072,560530005,INTEREST IN OIL WELL,50389
201821319349304072,560530005,BENEFICIAL INTEREST IN PERPETUAL TRUSTS,7264203
201811349349301441,042104300,DEBT SERVICE AND PAYMENT RESERVE FUND,402852
201811349349301441,042104300,RESTRICTED CASH,365730
201811349349301441,042104300,DEPOSIT RECEIVABLE,2000000
201811349349301441,042104300,PROPERTY HELD FOR SALE,15243973
201841349349303179,340733165,funds held in trust,25091656
201821319349303202,520591667,DUE FROM AFFILIATES,28726100
201821319349303202,520591667,SELF INSURANCE TRUST,16776072
201821319349303202,520591667,CONSTRUCTION FUNDS,8081000
201821319349303202,520591667,OTHER ASSETS,6567194
201821319349303202,520591667,COLLATERALIZED DEBT INV POOL,3700000
201821319349303202,520591667,OTHER ACCOUNT RECEIVABLES,2238404
201821319349303202,520591667,DONOR RESTRICTED FUNDS,1557571
201821319349303202,520591667,OTHER ASSETS OF LIMITED USE,432331
201821319349303202,520591667,DEFERRED FINANCING COSTS,148227
201841349349310059,480547846,RESTR. FUNDS HELD BY TRUSTEE,162492
201841349349310059,480547846,DEFERRED BONDS,204675
201841349349310059,480547846,BENEFICIAL INT-PERPETUAL TRUST,5742800
201811349349303446,221890880,WORKS OF ART,46084
201811349349303446,221890880,GOODWILL,16107
201811359349303831,510305893,DEFERRED OUT FLOWS RELATED TO PENSION,20435351
201811359349303831,510305893,DEFERRED OUT FLOWS RELARED TO LOSS ON REFUNDING,669017
201841349349304959,951699394,Beneficial Interest in Perpetual Tr,3783980
201841349349304959,951699394,Interest in Investments of Financially Interrelated Entity,32760637
201841349349304959,951699394,Interest in Net Assets of Financially Interrelated Entity,28177062
201811349349309161,880435559,CASH SURRENDER VALUE OF LIFE INSURANCE POLICY,238705
201811349349309161,880435559,REFUNDABLE DEPOSITS,334736
201811349349309161,880435559,DEBT SERVICE RESERVE FUNDS,9452230
201801669349301570,591571122,DUE FROM MESIFTA,245695
201801669349301570,591571122,DUE FROM T4000,6587506
201801669349301570,591571122,DUE FROM YES,206898
201801669349301570,591571122,OTHER ASSETS,1859
201801669349301570,591571122,Security deposit
201832269349300648,060646966,LT Malpractice Claims,2720054
201832269349300648,060646966,Inter-Company Allocation Bond,1496614
201832269349300648,060646966,Hospital Provider Tax,412887
201832269349300648,060646966,SERP Assets,18450
201841349349303324,520591641,INT IN KNOTT PERPETUAL TRUST,16986749
201822719349301072,472654761,GOODWILL,23169000
201822719349301072,472654761,SECURITY DEPOSITS,4958
201811359349307536,382080820,457 PLAN,642812
201811359349307536,382080820,DEPOSITS,56566
201811359349310221,043348440,DEPOSIT,275000
201811359349310221,043348440,LOAN RECEIVABLE,3318605
201811359349310221,043348440,OTHER RECEIVABLES,362790
201831349349310273,391596986,"Interest in Net Assets of Columbia St. Mary's Foundation, INc.",1352746
201831349349308518,042105769,DEPOSITS HELD W/ BOND TRUSTEE,93060293
201811359349311536,741238438,Other Assets (Investment Property),309000
201841349349302699,752765566,LT DUE TO AFFILIATES,190598742
201841349349302699,752765566,OTHER RECEIVABLES,4006159
201841349349302699,752765566,ASSETS HELD IN TRUST,2034990
201841349349302699,752765566,NOTE RECEIVABLES,102298
201841349349302664,141338544,MISCELLANEOUS RECEIVABLES,5696236
201841349349302664,141338544,OTHER LONG-TERM ASSETS,20908191
201841349349303194,251114320,"DEFERRED FINANCING COSTS, NET",290203
201841349349303194,251114320,COLLECTIONS,313643
201841349349303194,251114320,DEPOSITS WITH TRUSTEE,7781817
201841349349303764,042104847,BOND PROCEEDS HELD BY TRUSTEE,96818483
201841349349303764,042104847,INVEST. ON BEHALF OF SUPP ORG,90000000
201841319349304409,310537177,RESTRICTED BOND PROCEEDS AND RESERVES,9083140
201841319349304409,310537177,CASH SURRENDER VALUE OF LIFE INSURANCE,986461
201841319349304409,310537177,BENEFICIAL INTEREST IN TRUSTS,2837992
201811359349310926,610444671,Funds Held in Trust by Others,29554597
201811359349310926,610444671,Other Receivables,139037
201821659349301502,310707369,Bond proceeds held in escrow,7925397
201821659349301502,310707369,Security deposits,248258
201821659349301502,310707369,Funds held in charitable remainder trust,212659
201832899349300513,610510937,"DUE FROM RELATED PARTY (HILLCREST BURIAL PARK, INC.)",26865
201832899349300513,610510937,RELATED PARTY NOTES RECEIVABLE,151857
201832899349300513,610510937,BENEFICIAL INTEREST IN PERPETUAL TRUST,904756
201832899349300513,610510937,STUDENT LOANS RECEIVABLE,708745
201831359349307033,841337452,SECURITY DEPOSIT,16682
201822259349300122,010238552,PREPAID CAPITAL COSTS,83987102
201822259349300122,010238552,AR UNDER REIMBURSEMENT REGULATIONS,30007000
201822259349300122,010238552,DUE FROM RELATED PARTIES,18152835
201822259349300122,010238552,OTHER ASSETS,10628360
201822259349300122,010238552,ESCROW OF DEBT SERVICE,2076352
201822259349300122,010238552,CHARITABLE REMAINDER TRUST,571040
201831349349301648,113408254,SECURITY DEPOSITS,211423
201822259349301632,060646652,INVESTMENT IN RELATED ORGS / OTHER,51513692
201822259349301632,060646652,PROFESSIONAL LIABILITIES INS. RECOVERIES,65494613
201822259349301632,060646652,DEFERRED EMPLOYEE BENEFITS,70914080
201831359349309733,200940772,FRS DEFERRED OUTFLOW,1625022
201831359349309733,200940772,HIS DEFERRED OUTFLOW,346881
201811359349310126,931139187,BENEFICIAL INTEREST IN CHARITABLE REMAINDER UNITRUST,47104
201811359349310126,931139187,BENEFICIAL INTEREST IN PERPETUAL TRUSTS,820740
201811359349310126,931139187,BENEFICIAL INTEREST IN INVESTMENTS HELD AT OCF,1533253
201811359349310126,931139187,INVESTMENT IN AFFILIATES,6729867
201831319349302993,132676570,"DUE FROM/TO AFFILIATES, NET",45321751
201831319349302993,132676570,ESCROW DEPOSIT MTI BONDS,1466882
201831319349302993,132676570,SECURITY DEPOSITS,1442464
201831319349302993,132676570,ARTWORK,462074
201831319349302993,132676570,OTHER LONG TERM ASSETS,350000
201822269349300422,060646715,Funds Held In Trust,18383205
201822269349300422,060646715,Funds Designated for Debt Service,6125490
201822269349300422,060646715,Security Deposits,9000
201822269349300422,060646715,Insurance Receivable,13260639
201822269349300422,060646715,Other Non Current Assets,143770
201822269349300832,222472997,ASSETS WHOSE USE IS LIMITED,72833601
201822269349300832,222472997,INVESTMENT IN JOINT VENTURES,806383
201822269349300832,222472997,SECURITY DEPOSITS,564477
201822269349300832,222472997,MALPRACTICE INSURANCE RESERVES,2828253
201822269349300832,222472997,PRATT PEDI RENT RECEIVABLE LONG TERM,1149
201822269349300832,222472997,DUE FROM THIRD PARTY PAYORS,4834276
201831359349310958,710437657,ECONOMIC INT IN CARTI FOUNDATION,11613994
201831359349310958,710437657,DEFERRED COMPENSATION 457 PLAN ASSET,1880974
201811359349311806,630302179,OTHER,1509329
201811359349311806,630302179,TRUSTS HELD BY 3RD PARTY,12855269
201811359349311806,630302179,BOND ISSUE/LOAN COSTS,996222
201831359349303628,381357980,BENEFICIAL INTERESTS IN PERPETUAL TRUSTS,23097430
201831359349303628,381357980,cash surrender value of life insurance,136882
201831359349303628,381357980,DEPOSITS,25000
201811359349314291,570387838,CONSTRUCTION IN PROGRESS,1253158
201812509349300126,160743905,457 Plan Investment Funds,6698136
201812509349300126,160743905,Workers Comp Short Term Investment,1118118
201812509349300126,160743905,A/R Workers Comp Excess Insurance,682219
201812509349300126,160743905,Chart Malpractice Investment Value,2610458
201812509349300126,160743905,Bond Payment Fund,1970218
201812509349300126,160743905,Investment in Subsidiary,4534100
201812509349300126,160743905,Due From Affiliated Companies,5109501
201812509349300126,160743905,Interest in Net Assets of Foundation,22244124
201843109349301324,470394397,Beneficial interest in trusts held by others,371704
201823199349301952,221487322,DUE FROM AFFILIATES,26404847
201823199349301952,221487322,OTHER RECEIVABLES,19021705
201823199349301952,221487322,OTHER ASSETS,16591777
201812839349301311,586001901,"DUE FROM UNIVERSITY HEALTH SERVICES, INC",148550240
201812859349301056,952158727,CHARITABLE REMAINDER TRUSTS,802874
201812859349301056,952158727,PERPETUAL INCOME INTEREST,4023958
201812859349301056,952158727,ASSETS HELD IN CRT,8342382
201823249349300112,440483220,INTEREST IN WENTWORTH FOUNDATION,607000
201823249349300112,440483220,ASSETS HELD FOR SALE,1884500
201823119349300642,112705352,RECOVERABLE DEPOSITS,219456
201823119349300642,112705352,LIBRARY COLLECTION AND FINE ARTS,11386548
201823119349300642,112705352,INTANGIBLE ASSETS,36079455
201823099349301107,160743310,ESTIMATED THIRD PARTY PAYOR SETTLEMENTS,435377
201823099349301107,160743310,ASSETS WHOSE USE IS LIMITED,1595276
201823099349301287,840166760,PERPETUAL TRUST ASSETS-TAMMEN,44803998
201823099349301287,840166760,OTHER MISC RECEIVABLES,14595519
201823099349301287,840166760,RECEIVABLE FROM FOUNDATION,11552779
201823099349301287,840166760,SELF INSURANCE TRUST REC.,6593000
201823099349301287,840166760,PENSION PLAN ASSETS,6635607
201823099349301287,840166760,MATERNAL FETAL MEDICINE REC.,5143761
201803169349301040,341726619,Interest in net assets of Foundation,1854580
201802959349300755,020222215,OTHER ACCOUNT RECEIVABLE,185894
201802959349300755,020222215,DUE FROM AFFILIATE,13696294
201802959349300755,020222215,NASHUA REGIONAL CANCER CENTER,2414767
201802959349300755,020222215,OTHER EQUITY INVESTMENTS,576440
201802829349301045,582205600,SECURITY DEPOSIT,38856
201843129349301559,750957351,Real estate/other,885438
201803129349302595,942881684,DEPOSITS,25000
201823199349303717,953797687,GEM COLLECTIONS,32492314
201823199349303717,953797687,INVESTMENTS IN SUBSIDIARIES,26937757
201823199349303717,953797687,OTHER ASSETS,367374
201822979349300312,410696906,Funds held by third-party trustees,10764159
201822979349300312,410696906,Cash value of life insurance,800750
201822979349300312,410696906,Bond issuance costs,313397
201822979349300312,410696906,Funds on deposit with bond trustee,138358
201843059349302094,330499514,"Advances, Employees",7000
201843059349302094,330499514,Other Receivable,28307
201843059349302094,330499514,PR Tax Receivable,22147
201843059349302094,330499514,Related Party Receivable,746668
201843059349302094,330499514,Sales Tax Receivable,5995
201843059349302094,330499514,Security Deposit,30000
201813169349302171,113350641,SECURITY DEPOSITS,118541
201842889349301004,344429091,CHARITABLE REMAINDER TRUSTS,1268663
201842889349301004,344429091,INTEREST IN PERPETUAL TRUSTS,15327868
201842889349301004,344429091,INTEREST IN REMAINDER TRUSTS,3446391
201842889349301004,344429091,OTHER RECEIVABLES,1917006
201842889349301004,344429091,"CASH, RESTRICTED ASSETS",4668213
201842889349301004,344429091,LAND HELD FOR SALE,61245
201842889349301004,344429091,CASH SURRENDER VALUE,845834
201843099349300819,550357056,INTEREST IN PERPETUAL TRUSTS,11221044
201843099349300819,550357056,DEPOSIT HELD BY TRUSTEE,206537
201823189349312287,226019101,OTHER ASSETS,9599180
201823189349312287,226019101,DUE FROM AFFILIATES,6387862
201823199349311082,550526150,Interest in Net Assets - CAMC Foundation,47735117
201823199349311082,550526150,Bond Debt Reserve Fund,12638148
201823199349311082,550526150,Bond Collateral,16660000
201823199349311082,550526150,Trustee Funds,7195615
201823199349311082,550526150,Affiliate Receivable- CAMC Foundation,548038
201823199349311082,550526150,Affiliate Receivable- CHERI,400568
201823199349311082,550526150,Derivative Asset Value,5070539
201833199349306143,112626155,OTHER LONG TERM ASSET,12584144
201833199349306143,112626155,HEALTHFIRST RETAINED PAYMENTS,16842537
201833199349306143,112626155,SECURITY DEPOSITS,507785
